==150018== Memcheck, a memory error detector
==150018== Copyright (C) 2002-2017, and GNU GPL'd, by Julian Seward et al.
==150018== Using Valgrind-3.15.0 and LibVEX; rerun with -h for copyright info
==150018== Command: ./push_swap 997650741 987806541 978508879 975346285 973426300 97041991 967339781 -966124113 965633407 -961533281 945995244 941384760 -941127109 940912399 -936450430 931673546 930644231 -927840375 919394917 912475150 -911672809 -911461827 910428058 -906772061 906058470 -905262443 901919564 -896953699 -893586524 -889846618 887325183 883531864 -882420951 -882170615 -868076909 -864915982 863914697 -862740956 -858712434 856894685 -851552220 -850253531 -843900390 -840986345 839432057 836426739 834492101 833427213 826788780 823943906 821202713 -82067084 -820480457 -814288986 814213824 -810279597 -80434512 801205180 798788616 -796726038 794844370 792896849 790157583 788526425 786924092 781540359 776662427 775911043 -765634252 -760176679 -756646841 -754898683 -75372383 -750457912 740624558 730259464 724394844 -722009549 -71995145 -719584386 -714456858 708343995 -702873102 -701282699 -701146459 700388095 697535581 695314918 -693925519 693629038 689122473 -688634706 685425193 -676828175 -676368457 -666280410 -661509076 649436398 647781061 -646943698 643829106 -636648901 -633041864 -62938263 -616881272 615275250 -613495317 -612940852 61056303 -601167689 60075784 -600241910 -598564264 594151943 -578743192 -577147929 574106168 -570625609 -553617959 549207758 54375459 537403191 -533623406 -533065171 -528729090 -527341762 5268711 -526793850 -522107815 520604994 -520187032 -517421863 -516820819 508680205 -507150357 494912367 -494881123 -48929205 -485705398 482378451 -482007822 -480377034 -476693118 -472002439 471122236 46551122 -462882477 45929861 456868476 -45617510 449179458 441418567 44089430 433698005 -427330179 -420011914 -418301623 416619766 415459815 409716252 405694007 -402553501 -400698094 39415261 -393109684 -392694929 387272937 -386073892 384090074 -383858510 -378059730 -368927699 -368658729 364364122 -364096864 359075604 -357236314 -353009025 351943147 -349979646 -340411061 334827006 328106501 -327442352 327431048 -320864142 -316192931 -311524483 -311232761 -310492020 -30961660 -301639362 299857246 282624795 -280610404 -270915228 255760841 -243446081 236967054 -227273510 224420026 2140376565 2137706706 2136599146 2133611292 -212987378 -2124117928 2123202691 2119917855 2113324695 2104905173 2104250924 -2102380111 -2098894394 2097608252 2084722178 2081455920 -206841411 2066282853 -2058673521 205466444 -2052852802 205051888 -2049144944 -2042014609 2039512179 2036924018 2031942768 2017881063 2008482684 -2002408515 1996912536 -1996778147 1984817310 1979121165 1972421515 -1972191097 19689946 -1968064778 1962160019 1957333869 -1953729425 1953026269 -1951989761 1951980928 1950636259 -1944234065 1941928684 -1923616329 192340803 -1922735480 -1921294845 -1915247834 -1907759591 1902048436 -1899031942 1896375159 -1895830581 1895332554 -1886452275 1880423594 1879762443 1878309681 1876299763 1874490591 1872366314 -1870067051 186978577 -1866257144 -1860245158 -1850879865 1845502889 1840031849 -1833190133 1832032973 1831623889 -1822551537 1820832138 -1820827400 1820310068 -1817963022 1816343398 1812304072 1804856113 179751559 -1795116094 -1794055082 1791819326 -1767932131 1767570232 -1767031772 -1753003825 -1752256737 1751970528 -1741861008 -17381078 1731020763 -1730317787 1729151357 1721064019 171961270 1717104514 1714804689 1705182776 170457011 1702059981 169794486 1697193964 -1691314705 1677749875 -1675893727 -1674505434 -1662744553 -1659037926 -1652141755 -1649693483 164965942 1644709203 164316317 -1642495407 -1641000069 -1639546603 1637739338 -1633796379 -1633493127 1627313358 -1610162185 -1609054887 -1607323104 -1606821047 1602881258 160172671 -1595681936 -1591082434 1590070147 -1589462416 1581127039 -1579354504 1571684282 -1571496092 -1560907597 -1554830361 1553818769 154829251 1546148013 -1545114895 1531793156 -1530271507 -1520528942 1514144159 1504993124 1504889357 1495900995 1490915710 -1486894023 -1482910881 1480435012 1478784960 1468872802 146573348 -1461311143 145641595 -1452593687 -1447818840 144650697 -1442444676 1441561932 -143784543 -1436910454 1432943365 -1425751829 1422615639 -142193708 1402478776 -1387917068 1386342691 138425126 -1383627538 1380457129 -1372987274 1363376292 1358375794 1354033114 1345210362 1344042981 -1342359052 1342308753 1340982305 -1340609544 -1340434851 -1337189115 1332782839 -1328687441 132866555 1324261892 -1323162070 -1319122674 -131741445 1314211018 -1304243665 -1300063132 1296056786 -129553537 -1294208567 -1293120090 1285961554 1283387792 1282898472 -1281401496 1276264099 1268311582 1266509022 1261989975 -1258035533 -1256670077 -1254981795 -1253575524 125056110 1249523370 -1249087278 1241476996 1237487538 1237145240 -1233831522 -1231606836 1231124917 1226266298 -122427333 -122119600 -1218249257 1216878616 1213721395 -1200747597 1197934217 -1197447886 1195154653 -1195041289 -1192855637 1192620000 1190986115 -118508148 1184899306 1181736077 1181731983 -117755148 -1177422759 1176742223 -1171371948 -1166677022 115800439 -1155310034 -1148194644 1142548980 -1142486883 -1140441345 1139283646 -1131360823 1126824917 1126203180 -1121337978 -1119825459 -1118298215 -1114961333 -1104177029 1101626008 1099680141 1099159704 1090142041 1089056903 -1087125343 1083634231 -1082660761 10788531 1075271295 -10683040 -1066478126 1066459614 1060874030 -1058844720 -1058715569 1058350721 1051301107 -1045289897 1039061325 -1038211548 -1033868524 1033286565 -1032462305 1029334637 -1023534596 102176729 -1019329284 1019001652 1017258817 1011315482 -1007176898 -1005002466 -1002047790 1001459968 1000621582
==150018== 
==150018== 
==150018== HEAP SUMMARY:
==150018==     in use at exit: 0 bytes in 0 blocks
==150018==   total heap usage: 0 allocs, 0 frees, 0 bytes allocated
==150018== 
==150018== All heap blocks were freed -- no leaks are possible
==150018== 
==150018== For lists of detected and suppressed errors, rerun with: -s
==150018== ERROR SUMMARY: 0 errors from 0 contexts (suppressed: 0 from 0)
