==88227== Memcheck, a memory error detector
==88227== Copyright (C) 2002-2017, and GNU GPL'd, by Julian Seward et al.
==88227== Using Valgrind-3.15.0 and LibVEX; rerun with -h for copyright info
==88227== Command: ./push_swap 86645890 -1546887094 1779036448 1515685183 1618599713 -552983137 -736282133 1693040011 -1516613706 -939627945 1556531696 1550403242 -730854307 852530450 1024415065 371449722 -1848553228 -444985574 -88024337 -311562655 849692446 -1031700820 905333416 -266719091 -377396297 -105589413 953263710 772197974 -1818756942 221522217 -1354770141 -1702480544 1605063843 -2096271283 -1117621521 1257150743 875197702 1057168948 -176920683 74013544 -531125393 -1395894643 -323780608 1788249784 1836245156 -1805525728 -1260555132 -2112357934 1591509752 -415184720 -729876100 211332166 1555187368 521395609 844166303 1686114529 357164228 1365279616 1986535776 1800980792 764015357 2134824283 -921584672 -353392509 1965059316 11642375 -189469055 -1607012361 1664852322 306452495 -1682925526 -1268558044 234023586 1491708972 1208192382 1864747368 1615246895 -1034596819 -251078639 1899606389 -432365281 817418539 -444696164 -846631763 91432250 -493026179 1134944421 1249525880 427550618 1215115881 423380346 1562227435 1425222535 -491804494 -1133814360 1906898704 -1734533952 19609027 2021138899 -971749317 1578186333 -1469444098 1552177347 1242634336 -606898820 1300780096 1635232202 1473901962 943998710 1747294585 -1790738594 -1960765726 -735366958 1007825197 1981673574 -103874159 1770425674 1017929239 1320629774 -1324717190 88115913 121480873 -623974702 1699915714 1598770847 752543161 -1038907928 1944133310 446266848 2039555449 -1271966508 -2069906038 -1717388787 -407656510 1878925019 1791655360 858188241 2027560161 1854148634 -928400059 1303911176 -629550119 837778403 -270110048 112637380 1800910040 -1075460700 -308772434 -869958774 1583979659 1357957694 -3866989 1836079841 213603314 -2121986675 1663627533 -1227588561 -515176753 -999704325 -1518568992 1325336569 -820782140 -1721531475 428942936 1163250164 -1642903796 -425798644 1636414429 1788390701 -1246327997 214562782 -1998160887 -314018544 -416675100 2142553647 -1411414020 -1457070902 495573750 1605822829 1291411985 -879108041 -1681847137 -1983836955 -221114019 -301915382 1786794514 1144896147 -1005681609 1096854396 1416509993 -1252901332 -854716478 1433969879 -544269260 -1786849677 1542667241 1255139559 907951186 -1443947124 959028807 -615539370 -708445571 1689024496 -732183236 -452092268 789543246 2030830153 168423201 362960898 -184629796 -1974013744 -1651697621 -1470879874 -1771269578 2051242833 -1669989990 105042577 -1627208739 -1997069658 1064296294 -140605320 1597835805 -271250659 -1542382474 -1372206917 1386099124 1956307374 1110988138 1553646060 -1461488957 -2078168863 -1091307628 1116139521 -1546254437 78606268 1537120475 307936879 1470168278 824084631 616037321 412273107 451516318 1602777056 2123768426 -1857215034 897524883 -2103964547 -1072794226 -1247281975 931546333 -1299743650 1884423336 703908457 1410840534 1191930394 -421414643 1225141556 147600111 -887957292 1088439377 -1450016897 1714029756 1424612025 941742145 1020253845 420742778 -462873909 1012009920 429058271 1300204733 1546540534 -1561273695 1955667556 -383321389 -833430722 1404554768 1347469553 992079247 -1479190860 919941651 922580153 1393955450 -1487157032 -1707217566 1446288833 -1757327838 -825987705 1870676258 -1146771112 -2023466333 1483908597 -797671918 -2115522502 -949245380 1959312524 -1939411238 -1606034774 1993572317 852577987 -750887833 1802991635 1123699335 1510356140 -556984091 984709178 352424652 -1110121694 609032544 -830406445 -887279290 342933881 -261459042 360915797 -1013747752 -510709611 38161328 -1516553778 -185786778 1799693416 -881722712 938482451 -1194951119 1319717942 89756608 952222188 -1046918265 499934554 1881682456 1864491985 1711648147 -36415005 -184405849 -1485144130 -1306117601 2016409559 263395297 -1354792526 2109666216 243599318 2118828305 306523240 1198917144 -1322169594 -665886816 597283460 807140683 2087053976 1296973007 -744604699 1035426620 -25565918 196977294 -1316863160 786233706 -941774184 453778103 -859938653 1784804713 -1261235515 1236198169 710693392 -2144433331 249902700 1263972941 998284113 838778833 -1344788065 582521694 1806851706 -2041767634 52210047 891758324 846663379 1783611258 1870604592 262841371 1181197858 -434142641 -1943359069 1766494439 -840117412 1380176158 -1559487774 1131293809 -1051215462 679906869 -816942426 957938231 725630754 -1281311000 2023881663 -168910472 1133846553 -605454037 355879650 348430905 -1759758324 -1404817184 400880668 -1603978402 1479915761 -364805594 -696265217 748396029 -1416661797 1303225555 1386612158 1448689058 729603223 1593995016 -1793414666 -695428091 -1606868667 -2142744105 -556893620 -1049135248 -591383687 -939802064 236694310 -1653309611 580623949 7025672 -1464004335 -1416933205 882299159 163919540 -1641970861 -1948263643 -463768825 -1989481561 599324215 -633181752 609095702 -1691875683 2067288229 545527396 927788276 -1849622514 140407862 -13811107 -1478937393 -1935098186 312535163 -2084116171 -881081619 -719657094 1472286749 -1910563301 -916031655 127809937 464136385 -1810376632 718403616 1758654680 1347358612 -997027817 -1216539047 -827894902 -897041320 1097968268 1977295516 2109290081 1957137029 -1952046838 976791596 1641437791 1276969113 2075905783 -1626711134 -471224565 69772788 1634115275 -1194242147 -440795568 1511562031 1002124522 -1884036526 -1426301678 186661083 642405139 73598635 1340432260 -1734675534 1541087148 112373038 1856654116 775948521 -584917462 337532824 1661787912 994177069 -588282941 1059025368 1748700858 -1267987365 -889904839 288142842 -834810268 1473770875 736808202
==88227== 
==88227== 
==88227== HEAP SUMMARY:
==88227==     in use at exit: 0 bytes in 0 blocks
==88227==   total heap usage: 500 allocs, 500 frees, 20,000 bytes allocated
==88227== 
==88227== All heap blocks were freed -- no leaks are possible
==88227== 
==88227== For lists of detected and suppressed errors, rerun with: -s
==88227== ERROR SUMMARY: 0 errors from 0 contexts (suppressed: 0 from 0)
