==110649== Memcheck, a memory error detector
==110649== Copyright (C) 2002-2017, and GNU GPL'd, by Julian Seward et al.
==110649== Using Valgrind-3.15.0 and LibVEX; rerun with -h for copyright info
==110649== Command: ./push_swap 19079846 -529445093 931328950 1844789522 -1306017312 -1646350755 2041653047 1918413292 -1632755940 1680182616 -1899695769 -1109717790 2024297897 435717244 262458142 1217420095 -206219942 -653781200 -1049225208 1989706480 -1738074454 -2065773783 2002178880 1083336757 -1244940143 -1726919279 1285710549 323427412 155512158 629767853 549815027 436902968 1293481041 -2045367038 -1206918690 255794493 1975295730 -1730902736 -1617694653 -1377762181 958148009 -598613778 502056096 -144063706 1942371081 -1359540849 612868837 2114942357 -591593125 -1543297434 -360360747 -1390466465 1342743726 -1282087998 -2088631657 -1779480272 2134042604 -1135650888 953261307 146672516 1939234260 -1823631495 1162136484 1764649922 141923222 -1555757223 1736149473 618704493 1348232533 1632964908 1568712712 -957353208 1252883251 -1927636084 1688357123 1144126988 -367548607 1459451954 -2067525080 -1713715912 1334278405 -1618808980 -458502426 823911634 -1876526673 983868212 -1223791003 1154372891 1800117607 -1416539319 936336408 201612706 -1858517930 118932740 1759153794 468064771 -521156067 -806074158 1338573456 -740226211 1998684801 -1110943599 -1148490404 -827344695 -1605976520 541491231 1477283283 113229949 1317630930 -1206363248 -1747999734 -1860661815 898262573 -985069590 -1535425610 740089977 29433376 2127127246 -847216230 -1281244255 -199570900 1407137388 584046990 -253582724 -2068444952 -1520269389 -813823973 64546501 156745874 -1687432405 1136416614 -1768359012 1081401001 -2109020478 -1534615385 -285254624 -1883802978 771828485 -168668312 -464637036 -598340790 -1775610048 -2018224353 -2016359565 -1560864220 -52734377 1771485334 426495209 548884088 -1427841090 557783220 -1646605915 -1045969765 -772332809 -455186546 -2019922047 -326509489 -2134059829 205492447 -758751164 -2072082816 1307556789 102126743 -562907858 -2003495514 596445609 -1754399183 1918937249 -362180459 1659427657 154238243 -1852632980 1232461166 -432084807 12647214 -1065777905 315341341 1719180152 1288382651 557711772 -667557293 -138113821 -695364621 -16364444 -321266060 700688376 -233429814 -102507848 732797601 110392632 2687161 -708931436 597832325 464268178 865097579 288324241 1329823894 -1965875100 -2051875692 -1359209683 133527849 103674784 2102596343 -1090197405 -1259077851 191346405 -1735660660 596210310 1552859313 -1330383785 -876989948 617235553 -1994501814 495600996 108234195 -1867964020 700730388 2006125170 811945084 1040170321 985960338 -1929350913 815672280 559619235 2028977532 -1338175027 868948957 2068950988 -299031023 -75480449 1658977969 -1570378288 -289492058 -1516470296 -517532006 -1894511590 2063841729 904993242 -518383578 -1899868539 -385884377 -618693120 145289023 -131046760 -960271585 896649356 1926899627 1768380298 -714788958 -1902227940 2057333450 797025309 1885317220 467981657 652402831 789585793 -1775850037 -1671251564 -1732344292 -1895192431 2108009253 -1643884808 -1248334888 -482871046 -723275025 1611366435 -1305207028 1035156194 -1646393364 338375447 745795362 -365067234 1273173887 1797208501 675465097 -972935345 -886610751 1733854948 -1870050348 -839206811 -1744130790 -161076391 -1174689753 -1334004422 1894530513 -303985087 -1806877844 1297160873 208003390 1208653942 595439402 2026203309 -1831036166 258752985 -1118817020 -1354406115 -1241916447 -939965161 88324824 333823169 1521745240 -1914704205 1891341244 -688016992 -95909880 -1301495944 752284232 -649447103 -1612264411 -1985815216 -1042385951 -230120332 -1560142647 -1278985534 380257701 -1843667706 -1518615855 39805703 1318217054 -781187802 -1436019721 1152017470 504608854 999333622 349791462 -1125342278 160278682 453313817 -1225678568 576123755 714101865 12941372 -1433858041 -1495473125 895691964 -538404234 -668913737 -2031645110 -1649012434 2056978401 -2067688078 -917180823 -318330369 1989058887 1803192354 -1320330843 -86041433 -1400402429 -1030541606 -994787998 1836090992 -758920878 -1646779888 1525486299 -1417638719 -852520628 -745965091 -1882763794 1970584137 615454384 1599656578 -752879160 771994991 -1718750468 -1878616277 -656733349 -487751416 -241154317 -1594485387 -794485384 1978128580 -887497255 -326097728 -1058475041 -1457598175 2132379232 142265596 -2147011852 1866817296 1207991454 2000126368 -1274400179 -2114185952 1816523418 -1367544885 -824302004 1333137462 100789710 1647556882 -2104690947 1179836406 -891582485 -1925303683 -895051474 1287887037 168609034 -1261095170 -796460552 -168211719 1145521622 646419008 -784520985 2000598163 -1167299122 1033511353 2016776581 1180643255 980132345 361050153 1387827157 -1063497781 668190199 1162530065 780759482 1221421766 -587259820 -898497857 -87574701 -1013662468 266037324 -1157788125 -974114857 818681475 -549286063 -127601655 -678166208 -767116786 -2127322533 998202060 419892799 1998845084 385393458 -117016855 1864197072 -462522132 939401499 -424099945 -2053194949 -2031380878 -1347468864 1309519957 213550942 -362948968 1405775967 1538447906 -94899262 -1251393192 -2129802163 -497130608 232589085 450115635 -102898151 777523412 -550263421 1035678792 -1228351502 -1260525696 -717557708 -756022214 -203292055 895246540 1403493264 -1350805950 1482098601 -1239163135 632723269 -1369342170 -1221076244 148325247 632798850 -1239072997 -1249826114 -233349238 1248388696 -645537263 666115123 2117306572 1839440088 100257453 -913936867 443454003 -2104497437 -551232912 -2107531160 322639448 -1245133998 -573752592 -82737036 -907499488 747210586 -1317508258 -1058070840 893781931 -955637176 898442707 -728038831 1773609417 190087687 153717765 158380040
==110649== 
==110649== 
==110649== HEAP SUMMARY:
==110649==     in use at exit: 0 bytes in 0 blocks
==110649==   total heap usage: 500 allocs, 500 frees, 20,000 bytes allocated
==110649== 
==110649== All heap blocks were freed -- no leaks are possible
==110649== 
==110649== For lists of detected and suppressed errors, rerun with: -s
==110649== ERROR SUMMARY: 0 errors from 0 contexts (suppressed: 0 from 0)
